0
1
1
32748
0
0
0
0
-1145815920
32766
1992031889
32748
1
32748
1992157672
32748
0
0
1992030563
32748
1
21925
1991778304
32748
-1145817328
32766
1992030563
32748
1
0
1992159632
32748
-1145817296
32766
0
0
0
0
0
0
0
0
1990323853
32748
-1145817264
32766
1991759520
32748
12
0
-946760912
21925
3432
0
1990330705
32748
0
0
1
0
1991759520
32748
-958628548
21925
3432
0
0
0
1991739552
32748
1990325810
32748
0
0
0
0
0
0
-958628436
21925
-1145815616
32766
-946759872
21925
-958628439
21925
-1145815600
32766
1
0
1990225894
32748
-1145816992
32766
1024
0
1992157672
0
0
0
